
第0位表示是否有墙，第1位是否有箱子，第2位是否有玩家，第3位是否有8


  TARGET: 8,   8
  2: 2,          2
  2_ON_TARGET: 10,  10
  4YER: 4,      4
  4YER_ON_TARGET: 12, 12


public class a {
    {
        {0, 0, 0, 0, 0, 0, 0, 1, 1, 1, 1, 1, 0},
        {0, 1, 1, 1, 1, 1, 1, 1, 0, 0, 0, 1, 1},
        {1, 1, 0, 1, 0, 4, 1, 1, 0, 2, 2, 0, 1},
        {1, 0, 0, 0, 0, 2, 0, 0, 0, 0, 0, 0, 1},
        {1, 0, 0, 2, 0, 0, 1, 1, 1, 0, 0, 0, 1},
        {1, 1, 1, 0, 1, 1, 1, 1, 1, 2, 1, 1, 1},
        {1, 0, 2, 0, 0, 1, 1, 1, 0, 8, 8, 1, 0},
        {1, 0, 2, 0, 2, 0, 2, 0, 8, 8, 8, 1, 0},
        {1, 0, 0, 0, 0, 1, 1, 1, 8, 8, 8, 1, 0},
        {1, 0, 2, 2, 0, 1, 0, 1, 8, 8, 8, 1, 0},
        {1, 0, 0, 1, 1, 1, 0, 1, 1, 1, 1, 1, 0},
        {1, 1, 1, 1, 0, 0, 0, 0, 0, 0, 0, 0, 0}
    },
    {
        {0, 0, 1, 1, 1, 1, 0, 0, 0, 0, 0, 0, 0, 0, 0, 0},
        {0, 0, 1, 0, 0, 1, 1, 1, 1, 1, 1, 1, 1, 1, 1, 1},
        {0, 0, 1, 0, 0, 0, 0, 2, 0, 0, 0, 2, 0, 2, 0, 1},
        {0, 0, 1, 0, 2, 1, 0, 2, 0, 1, 0, 0, 2, 0, 0, 1},
        {0, 0, 1, 0, 0, 2, 0, 2, 0, 0, 1, 0, 0, 0, 0, 1},
        {1, 1, 1, 0, 2, 1, 0, 1, 0, 0, 1, 1, 1, 1, 0, 1},
        {1, 4, 1, 2, 0, 2, 0, 2, 0, 0, 1, 1, 0, 0, 0, 1},
        {1, 0, 0, 0, 0, 2, 0, 1, 2, 1, 0, 0, 0, 1, 0, 1},
        {1, 1, 0, 0, 2, 0, 0, 0, 0, 2, 0, 2, 0, 2, 0, 1},
        {0, 1, 1, 1, 1, 0, 0, 1, 1, 1, 1, 1, 1, 1, 1, 1},
        {0, 0, 1, 1, 1, 0, 0, 1, 1, 1, 0, 0, 0, 0, 0, 0},
        {0, 0, 1, 0, 0, 0, 0, 0, 0, 1, 0, 0, 0, 0, 0, 0},
        {0, 0, 1, 0, 0, 0, 0, 0, 0, 1, 0, 0, 0, 0, 0, 0},
        {0, 0, 1, 8, 8, 8, 8, 8, 8, 1, 0, 0, 0, 0, 0, 0},
        {0, 0, 1, 8, 8, 8, 8, 8, 8, 1, 0, 0, 0, 0, 0, 0},
        {0, 0, 1, 8, 8, 8, 8, 8, 8, 1, 0, 0, 0, 0, 0, 0},
        {0, 0, 1, 1, 1, 1, 1, 1, 1, 1, 0, 0, 0, 0, 0, 0}
    },
    {
        {0, 0, 0, 0, 0, 0, 0, 0, 0, 0, 1, 1, 1, 1, 1, 1, 1},
        {0, 0, 0, 0, 0, 0, 0, 0, 0, 0, 1, 0, 0, 8, 8, 8, 1},
        {0, 0, 0, 0, 0, 0, 1, 1, 1, 1, 1, 0, 0, 8, 8, 8, 1},
        {0, 0, 0, 0, 0, 0, 1, 0, 0, 0, 0, 0, 0, 8, 8, 8, 1},
        {0, 0, 0, 0, 0, 0, 1, 0, 0, 1, 1, 0, 0, 8, 8, 8, 1},
        {0, 0, 0, 0, 0, 0, 1, 1, 0, 1, 1, 0, 0, 8, 8, 8, 1},
        {0, 0, 0, 0, 0, 1, 1, 1, 0, 1, 1, 1, 1, 1, 1, 1, 1},
        {0, 0, 0, 0, 0, 1, 0, 2, 2, 2, 0, 1, 1, 0, 0, 0, 0},
        {0, 1, 1, 1, 1, 1, 0, 0, 2, 0, 2, 0, 1, 1, 1, 1, 1},
        {1, 1, 0, 0, 0, 1, 2, 0, 2, 0, 0, 0, 1, 0, 0, 0, 1},
        {1, 4, 0, 2, 0, 0, 2, 0, 0, 0, 0, 2, 0, 0, 2, 0, 1},
        {1, 1, 1, 1, 1, 1, 0, 2, 2, 0, 2, 0, 1, 1, 1, 1, 1},
        {0, 0, 0, 0, 0, 1, 0, 2, 0, 0, 0, 0, 1, 0, 0, 0, 0},
        {0, 0, 0, 0, 0, 1, 1, 1, 1, 0, 1, 1, 1, 0, 0, 0, 0},
        {0, 0, 0, 0, 0, 0, 0, 0, 1, 0, 0, 1, 0, 0, 0, 0, 0},
        {0, 0, 0, 0, 0, 0, 0, 0, 1, 0, 0, 1, 0, 0, 0, 0, 0},
        {0, 0, 0, 0, 0, 0, 0, 0, 1, 0, 0, 1, 0, 0, 0, 0, 0},
        {0, 0, 0, 0, 0, 0, 0, 0, 1, 1, 1, 1, 0, 0, 0, 0, 0}
    },
    {
        {0, 0, 0, 0, 0, 0, 0, 0, 0, 0, 0, 0, 0, 0, 1, 1, 1, 1, 0, 0, 0},
        {0, 0, 0, 0, 0, 0, 0, 0, 0, 1, 1, 1, 1, 1, 1, 0, 0, 1, 0, 0, 0},
        {0, 0, 0, 0, 0, 0, 0, 0, 0, 1, 0, 0, 0, 0, 0, 0, 0, 1, 0, 0, 0},
        {0, 0, 0, 0, 0, 0, 0, 0, 0, 1, 0, 0, 1, 1, 1, 1, 0, 1, 1, 1, 0},
        {0, 1, 1, 1, 0, 0, 1, 1, 1, 1, 1, 0, 1, 1, 1, 0, 0, 0, 0, 1, 0},
        {1, 1, 4, 1, 1, 1, 1, 0, 0, 0, 2, 2, 2, 0, 1, 0, 0, 0, 0, 1, 0},
        {1, 0, 2, 2, 0, 0, 0, 2, 2, 0, 2, 0, 0, 0, 1, 8, 8, 8, 8, 1, 1},
        {1, 0, 0, 2, 2, 2, 1, 0, 0, 0, 0, 2, 0, 0, 1, 8, 8, 8, 8, 8, 1},
        {1, 0, 2, 0, 0, 0, 1, 0, 2, 2, 0, 2, 2, 0, 1, 8, 8, 8, 8, 8, 1},
        {1, 1, 1, 0, 0, 0, 1, 0, 0, 2, 0, 0, 0, 0, 1, 8, 8, 8, 8, 8, 1},
        {0, 0, 1, 0, 0, 0, 1, 0, 2, 0, 2, 0, 2, 0, 1, 8, 8, 8, 8, 8, 1},
        {0, 0, 1, 0, 1, 1, 1, 1, 1, 1, 1, 0, 1, 1, 1, 8, 8, 8, 8, 8, 1},
        {0, 0, 1, 0, 0, 0, 1, 0, 0, 2, 0, 2, 0, 0, 1, 8, 8, 8, 8, 8, 1},
        {0, 0, 1, 1, 1, 0, 1, 0, 2, 2, 0, 2, 0, 2, 1, 1, 1, 1, 1, 1, 1},
        {0, 0, 0, 0, 1, 0, 1, 0, 0, 2, 0, 0, 0, 0, 0, 0, 1, 0, 0, 0, 0},
        {0, 0, 0, 0, 1, 0, 1, 0, 2, 2, 2, 0, 2, 2, 2, 0, 1, 0, 0, 0, 0},
        {0, 0, 0, 0, 1, 0, 1, 0, 0, 0, 0, 0, 0, 0, 1, 0, 1, 0, 0, 0, 0},
        {0, 0, 0, 0, 1, 0, 1, 1, 1, 1, 1, 1, 1, 1, 1, 0, 1, 0, 0, 0, 0},
        {0, 0, 0, 0, 1, 0, 0, 0, 0, 0, 0, 0, 0, 0, 0, 0, 1, 0, 0, 0, 0},
        {0, 0, 0, 0, 1, 1, 1, 1, 1, 1, 1, 1, 1, 1, 1, 1, 1, 0, 0, 0, 0}
    },
    {
        {0, 0, 0, 0, 0, 0, 0, 0, 0, 0, 1, 1, 1, 1, 0, 0, 0, 0, 0},
        {0, 0, 0, 0, 0, 1, 1, 1, 1, 0, 1, 0, 0, 1, 0, 0, 0, 0, 0},
        {0, 0, 0, 1, 1, 1, 0, 0, 1, 1, 1, 2, 0, 1, 0, 0, 0, 0, 0},
        {0, 0, 1, 1, 0, 0, 0, 4, 0, 0, 2, 0, 0, 1, 0, 0, 0, 0, 0},
        {0, 1, 1, 0, 0, 2, 0, 2, 2, 1, 1, 0, 1, 1, 0, 0, 0, 0, 0},
        {0, 1, 0, 0, 1, 2, 1, 1, 0, 0, 0, 0, 0, 1, 0, 0, 0, 0, 0},
        {0, 1, 0, 1, 0, 2, 0, 2, 2, 0, 1, 0, 1, 1, 1, 0, 0, 0, 0},
        {0, 1, 0, 0, 0, 2, 0, 1, 0, 0, 1, 0, 2, 0, 1, 1, 1, 1, 1},
        {1, 1, 1, 1, 0, 0, 0, 0, 1, 0, 0, 2, 2, 0, 1, 0, 0, 0, 1},
        {1, 1, 1, 1, 0, 1, 1, 0, 2, 0, 0, 0, 0, 0, 0, 0, 0, 0, 1},
        {1, 8, 0, 0, 0, 0, 1, 1, 1, 0, 0, 1, 1, 1, 1, 1, 1, 1, 1},
        {1, 8, 8, 0, 8, 8, 1, 0, 1, 1, 1, 1, 0, 0, 0, 0, 0, 0, 0},
        {1, 8, 8, 8, 1, 8, 1, 0, 0, 0, 0, 0, 0, 0, 0, 0, 0, 0, 0},
        {1, 8, 8, 8, 8, 8, 1, 0, 0, 0, 0, 0, 0, 0, 0, 0, 0, 0, 0},
        {1, 1, 1, 1, 1, 1, 1, 0, 0, 0, 0, 0, 0, 0, 0, 0, 0, 0, 0}
    },
}
